378,35
325,1
325,0
322,8
322,7
322,6
322,5
322,4
322,3
322,2
322,1
322,0
317,7
18,1
317,6
18,3
317,5
317,4
14,1
317,3
14,6
14,3
317,2
13,1
13,3
317,1
317,0
314,5
314,4
314,3
314,2
314,1
314,0
312,5
312,4
312,3
312,2
312,1
312,0
311,4
311,3
311,2
311,1
311,0
310,5
310,1
310,4
302,13
302,12
302,11
302,10
302,9
302,8
302,7
302,1
302,6
302,5
302,4
295,7
295,1
295,6
290,7
2,2
290,1
2,1
2,3
290,6
286,12
286,11
286,10
286,9
286,8
286,1
286,7
256,30
256,29
256,28
256,27
256,26
256,25
256,24
256,23
256,22
256,21
256,20
256,19
256,18
256,17
256,16
256,15
256,14
256,13
256,12
256,11
256,10
256,1
256,9
256,4
209,116
209,115
209,114
209,113
209,112
209,111
209,110
209,109
209,108
209,107
209,106
209,105
209,104
209,103
209,102
209,101
209,100
209,99
209,98
209,97
209,96
209,95
209,94
209,93
209,92
209,91
209,90
209,89
209,88
209,87
209,86
209,85
209,84
209,83
209,82
209,81
209,80
209,79
209,78
209,77
209,76
209,75
209,74
209,73
209,72
209,71
209,70
209,69
209,68
209,67
209,66
209,65
209,64
209,36
209,35
209,34
209,33
209,32
209,31
209,30
209,29
209,28
209,27
209,26
209,25
209,24
209,23
209,22
209,21
209,20
209,19
209,18
209,17
209,16
209,15
209,14
209,13
209,12
209,11
209,10
209,9
209,8
209,7
209,1
209,6
209,5
0,573
0,571
0,0
378,34
378,33
378,32
378,31
378,30
378,29
378,28
378,27
378,26
378,25
378,24
378,23
378,22
378,21
378,20
378,19
